3 0.9354765113624381 0.5629659113871839 0.1290469772751237 0.37560305674305994
3 0.8478406254020943 0.5720477432030684 0.11632975243233687 0.4016199874635877
3 0.7610400547852432 0.5648369852855096 0.12400588473758489 0.3940348079967011
3 0.67134630924947 0.5708165491547055 0.09618089366603862 0.41040395407749275
3 0.5867940312462928 0.5582052373970807 0.11175134658813804 0.40773359514371954
3 0.49926675770734247 0.5540967474262105 0.10270362905554223 0.4262108105039836
3 0.4164678944768177 0.5524683997752085 0.11703886444504548 0.4422449874635877
3 0.3367940312462928 0.5509309803374517 0.09847977921769786 0.45263691818411544
3 0.2685525458567894 0.533328291699365 0.10418430843869109 0.4215687746106063
3 0.17879061647364042 0.5354016055685609 0.1261138555165918 0.4253302721033238
3 0.07844969723676117 0.5129606527447093 0.10498314934808159 0.37786423871722885