3 0.0831322796280303 0.6030761814117438 0.1662645592560606 0.3842773628234877
3 0.16218321104306946 0.6030137260540126 0.1757865730491877 0.40607054220663663
3 0.24843435674099834 0.5865450206962812 0.1819547524323367 0.40149213636243813
3 0.33838720089679974 0.5818632491859258 0.1587081672049891 0.4120205332781829
3 0.4200326672115796 0.5606252232113434 0.17279794074393937 0.41382849512873604
3 0.5070105158316078 0.5472951546230874 0.1652581761334428 0.4293171274339844
3 0.5892599541432106 0.5362270154179802 0.18271841152294624 0.44524213636243815
3 0.6683843924548134 0.5251043291349724 0.16725705275664815 0.4543444009729347
3 0.733678155847494 0.5004549310014115 0.16673885551659176 0.42465690097293474
3 0.8229042970811961 0.4926345227215808 0.19028544967239328 0.4313160040571898
3 0.9172679517075786 0.45911468505860126 0.15662746996493268 0.38230575973923264